304014
341471
341488
342284
342285
346343
346344
346345
363355
363356
363357
363358
363359
363360
363489
364100
364101
364102
364103
364104
364105
364106
364107
364108
364109
364110
364111
364112
364113
364114
364115
364116
364117
364118
364119
364120
364121
364122
364123
364124
364125
364126
364127
364128
364129
364130
364131
364132
364133
364134
364135
364136
364137
364138
364139
364140
364141
364156
364157
364158
364159
364160
364161
364162
364163
364164
364165
364166
364167
364168
364169
364170
364171
364172
364173
364174
364175
364176
364177
364178
364179
364180
364181
364182
364183
364184
364185
364186
364187
364188
364189
364190
364191
364192
364193
364194
364195
364196
364197
364198
364199
364200
364201
364202
364203
364204
364205
364206
364207
364208
364209
364210
364211
364212
364213
364214
364215
364242
364243
364244
364245
364246
364247
364248
364249
364250
364253
364254
364255
364283
364284
364287
410080
410081
410156
410157
410470
410472
410644
410645
410646
410647
410658
410659
450661
450662
450663
502959
502960
502961
502962
502963
502964
600536
600537
600538
600539
600540
600541
600763
600764
600765
600766
600767
600768
600853
600854
600855
600856
600857
600858
600888
600889
600890
600891
600892
600893
410218
410219
410220
410276
410277
410278
410397
410398
410399
410408
410560
